0 0
-0.0405505 0.733647
-0.0810321 0.884091
-0.121745 0.896748
-0.162249 0.87721
-0.203211 0.850021
-0.243819 0.821623
-0.285097 0.792863
-0.325872 0.764866
-0.36751 0.736946
-0.408483 0.710156
-0.450489 0.683506
-0.491656 0.658279
-0.533989 0.633242
-0.575298 0.609934
-0.617862 0.586879
-0.659207 0.565872
-0.701839 0.545194
-0.743047 0.526895
-0.785508 0.509018
-0.826335 0.493856
-0.8683 0.479225
-0.908421 0.467641
-0.949475 0.456714
-0.988484 0.44915
-1.02812 0.442387
-1.06552 0.43927
-1.10312 0.437112
-1.13835 0.438831
-1.17322 0.441679
-1.20561 0.448559
-1.23699 0.456748
-1.26584 0.469022
-1.29289 0.482785
-1.31744 0.500556
-1.3393 0.519992
-1.35878 0.543202
-1.37461 0.568232
-1.38829 0.596623
-1.39731 0.626957
-1.40451 0.660037
-1.40605 0.695136
-1.40623 0.732156
-1.39984 0.771203
-1.39265 0.811137
-1.37811 0.853022
-1.36345 0.894571
-1.34091 0.937888
-1.31898 0.979496
-1.28898 1.02257
-1.26035 1.06247
-1.22389 1.10341
-1.18955 1.1397
-1.1481 1.17646
-1.10946 1.20722
-1.06499 1.23774
-1.02386 1.26111
-0.978737 1.28345
-0.937305 1.29785
-0.894229 1.31035
-0.854938 1.31462
-0.816757 1.31612
-0.782173 1.30967
-0.75168 1.29964
-0.724299 1.28262
-0.703975 1.2614
-0.686 1.2348
-0.677726 1.20363
-0.670818 1.16933
-0.675601 1.13045
-0.680634 1.09116
-0.698365 1.04772
-0.715216 1.00685
-0.74451 0.962755
-0.771916 0.924141
-0.81008 0.883709
-0.845598 0.851271
-0.888754 0.818825
-0.928864 0.796121
-0.972253 0.775467
-1.01261 0.765219
-1.05108 0.759101
-1.08695 0.762753
-1.11557 0.772338
-1.14236 0.789706
-1.15715 0.814215
-1.17108 0.843315
-1.16967 0.87987
-1.16838 0.916985
-1.1506 0.960759
-1.13373 1.00079
-1.10184 1.04551
-1.07132 1.08259
-1.02995 1.12137
-0.989975 1.14975
-0.945592 1.17616
-0.902256 1.19112
-0.862214 1.2004
-0.822638 1.19924
-0.793937 1.18934
-0.76512 1.172
-0.75304 1.14428
-0.740516 1.11368
-0.747416 1.07305
-0.753979 1.03478
-0.778547 0.989025
-0.803353 0.950504
-0.840552 0.909008
-0.87887 0.878099
-0.920713 0.849891
-0.964518 0.833262
-1.00163 0.824925
-1.04107 0.826445
-1.06478 0.840308
-1.09032 0.859899
-1.0948 0.893048
-1.09963 0.92635
-1.08356 0.970861
-1.06565 1.00993
-1.03291 1.05449
-0.996082 1.08951
-0.955075 1.12219
-0.908556 1.14391
-0.870212 1.15547
-0.826617 1.15777
-0.801466 1.14458
-0.773403 1.12649
-0.768481 1.0921
-0.764699 1.05851
-0.781231 1.01313
-0.803451 0.973834
-0.836126 0.931646
-0.877767 0.898693
-0.916051 0.873454
-0.963615 0.857504
-0.994894 0.857862
-1.03199 0.86452
-1.04568 0.890598
-1.05863 0.918069
-1.04992 0.960807
-1.03308 0.999896
-1.00494 1.04376
-0.963608 1.08057
-0.926053 1.10902
-0.875422 1.12976
-0.842179 1.13168
-0.802033 1.12798
-0.785486 1.10249
-0.772378 1.07522
-0.778676 1.03267
-0.798544 0.992355
-0.824854 0.950613
-0.869504 0.913881
-0.904732 0.890976
-0.954385 0.873827
-0.983427 0.879903
-1.015 0.890518
-1.02503 0.922773
-1.02293 0.957057
-1.00914 1.00039
-0.973485 1.04284
-0.941721 1.07652
-0.889443 1.10678
-0.854088 1.11438
-0.811382 1.117
-0.789042 1.09487
-0.778125 1.06771
-0.779684 1.02741
-0.806466 0.983887
-0.831255 0.946709
-0.880999 0.909879
-0.916318 0.895736
-0.960771 0.886235
-0.987694 0.902649
-1.00077 0.926682
-1.00393 0.964114
-0.977387 1.0086
-0.953891 1.04536
-0.903327 1.08421
-0.8655 1.09881
-0.821807 1.108
-0.791304 1.092
-0.781697 1.06494
-0.777163 1.0285
-0.807293 0.981703
-0.832345 0.947758
-0.881655 0.911641
-0.921005 0.90172
-0.955698 0.90097
-0.983373 0.921203
-0.979362 0.957158
-0.975377 0.993818
-0.935595 1.04182
-0.900688 1.07001
-0.85371 1.09555
-0.811048 1.09594
-0.790746 1.07968
-0.771106 1.05221
-0.791458 1.00571
-0.810533 0.970202
-0.854682 0.928922
-0.89915 0.91139
-0.932062 0.907978
-0.967201 0.921538
-0.963056 0.959208
-0.959101 0.993622
-0.921947 1.04183
-0.879715 1.07039
-0.840194 1.08878
-0.793487 1.08863
-0.783512 1.0613
-0.772537 1.03212
-0.798649 0.982717
-0.834325 0.948332
-0.872447 0.920729
-0.923572 0.910428
-0.94009 0.929587
-0.958903 0.953055
-0.939982 1.00115
-0.906655 1.03839
-0.869973 1.07011
-0.814452 1.08737
-0.792837 1.07257
-0.768914 1.05286
-0.780594 1.00645
-0.81286 0.967251
-0.845261 0.935538
-0.901349 0.914712
-0.923178 0.929278
-0.944048 0.948706
-0.934525 0.993753
-0.896394 1.03521
-0.864694 1.06336
-0.807366 1.08402
-0.784013 1.0661
-0.770103 1.04261
-0.777719 0.999089
-0.822702 0.955309
-0.853291 0.934149
-0.905277 0.918579
-0.926793 0.942244
-0.924462 0.974163
-0.912736 1.01464
-0.858163 1.05862
-0.823775 1.06959
-0.78215 1.07334
-0.762217 1.04348
-0.783503 1.00072
-0.801786 0.966333
-0.857922 0.928581
-0.894571 0.930168
-0.913518 0.945598
-0.923639 0.979703
-0.881352 1.03018
-0.848823 1.05443
-0.800943 1.07457
-0.763858 1.05985
-0.772423 1.02181
-0.77952 0.987734
-0.83007 0.941899
-0.87468 0.931741
-0.89669 0.941422
-0.918312 0.967473
-0.882622 1.02002
-0.847263 1.04794
-0.805262 1.06884
-0.759318 1.06183
-0.76859 1.02046
-0.779113 0.987873
-0.822217 0.94484
-0.876335 0.931124
-0.889256 0.950723
-0.905007 0.975665
-0.871121 1.02795
-0.820261 1.05697
-0.791002 1.06135
-0.75025 1.05166
-0.766098 1.00197
-0.801345 0.966117
-0.8344 0.941697
-0.889878 0.933929
-0.890016 0.973127
-0.872425 1.00784
-0.841519 1.04547
-0.777205 1.06894
-0.761889 1.04359
-0.759428 1.0156
-0.780335 0.971727
-0.844341 0.936276
-0.867735 0.947935
-0.884768 0.966495
-0.873794 1.0111
-0.811728 1.0546
-0.782013 1.05438
-0.752256 1.04551
-0.75058 1.00374
-0.806569 0.955331
-0.837252 0.947114
-0.872755 0.947748
-0.883591 0.984862
-0.831082 1.03626
-0.798176 1.05005
-0.758584 1.05513
-0.737772 1.02319
-0.78544 0.969661
-0.818503 0.952518
-0.856127 0.944887
-0.88238 0.971995
-0.835763 1.02744
-0.79833 1.04653
-0.763275 1.05311
-0.731793 1.02992
-0.775781 0.972758
-0.817723 0.952351
-0.84523 0.950708
-0.875675 0.971427
-0.831844 1.0294
-0.780279 1.051
-0.759592 1.04384
-0.733207 1.02346
-0.773415 0.967037
-0.833481 0.944411
-0.844359 0.963563
-0.856889 0.986504
-0.81946 1.03714
-0.750309 1.05964
-0.745709 1.02716
-0.752776 0.998247
-0.783743 0.959303
-0.85239 0.940255
-0.850693 0.984127
-0.815335 1.02166
-0.787847 1.04274
-0.73045 1.052
-0.733654 1.00289
-0.794344 0.957475
-0.818728 0.958056
-0.845617 0.967063
-0.837955 1.01168
-0.76161 1.05759
-0.734663 1.03687
-0.748701 1.00318
-0.763757 0.973171
-0.828838 0.942213
-0.854171 0.975052
-0.79887 1.0301
-0.766304 1.03985
-0.738092 1.03734
-0.724056 1.00412
-0.793813 0.947572
-0.840925 0.956142
-0.816561 0.99977
-0.797549 1.02396
-0.749606 1.04937
-0.7069 1.02959
-0.763456 0.964407
-0.819457 0.952774
-0.816454 0.981432
-0.814087 1.00639
-0.765686 1.04703
-0.702705 1.04439
-0.742827 0.978999
-0.804815 0.953786
-0.810384 0.975279
-0.814854 0.99708
-0.776445 1.03977
-0.702628 1.05094
-0.727845 0.987361
-0.801711 0.950713
-0.809327 0.976165
-0.801901 1.00072
-0.775973 1.03295
-0.705687 1.04933
-0.716428 0.990685
-0.80658 0.942411
-0.819586 0.978955
-0.777417 1.01967
-0.756005 1.02985
-0.717324 1.03266
-0.718336 0.989171
-0.808481 0.939367
-0.834258 0.981966
-0.749263 1.04786
-0.711518 1.03306
-0.739489 0.993544
-0.756866 0.977201
-0.795807 0.96401
-0.816788 0.99473
-0.733211 1.05682
-0.674397 1.03331
-0.758616 0.950939
-0.828304 0.955032
-0.77586 1.02148
-0.725401 1.03463
-0.729161 1.01084
-0.732761 0.992693
-0.768997 0.965311
-0.818598 0.974391
-0.758325 1.04445
-0.660959 1.05345
-0.72278 0.958919
-0.847071 0.930423
-0.795697 1.02993
-0.662966 1.07307
-0.695119 0.983507
-0.816707 0.933538
-0.800871 1.0051
-0.698388 1.05431
-0.699822 1.00262
-0.777118 0.959529
-0.782259 0.993611
-0.726407 1.02794
-0.71686 1.00738
-0.752854 0.98212
-0.761305 0.993428
-0.737927 1.01077
-0.729718 1.00517
-0.74246 0.993993
-0.747512 0.996407
-0.739516 1.00321
-0.735058 1.00238
-0.738318 0.998461
-0.740148 0.998598
-0.73763 1.00075
-0.735576 1.00085
-0.735861 0.999725
-0.736068 0.999585
-0.735072 1.00014
-0.734032 1.00026
-0.733586 0.999991
-0.733201 0.999916
-0.732536 1.00004
-0.731823 1.00008
-0.731237 1.00003
-0.730682 1.00001
-0.730072 1.00003
-0.729445 1.00004
-0.72884 1.00003
-0.728245 1.00002
-0.727641 1.00003
-0.727033 1.00003
-0.726428 1.00003
-0.725825 1.00003
-0.725221 1.00003
-0.724616 1.00003
-0.724012 1.00003
-0.723408 1.00003
-0.722805 1.00003
-0.722201 1.00003
-0.721597 1.00003
-0.720994 1.00003
-0.720391 1.00003
-0.719787 1.00003
-0.719184 1.00003
-0.718581 1.00003
-0.717978 1.00003
-0.717376 1.00003
-0.716773 1.00003
-0.71617 1.00003
-0.715568 1.00003
-0.714966 1.00003
-0.714363 1.00003
-0.713761 1.00003
-0.713159 1.00003
-0.712557 1.00003
-0.711955 1.00003
-0.711354 1.00003
-0.710752 1.00003
-0.710151 1.00003
-0.70955 1.00003
-0.708948 1.00003
-0.708347 1.00003
-0.707746 1.00003
-0.707145 1.00003
-0.706545 1.00003
-0.705944 1.00003
-0.705343 1.00003
-0.704743 1.00003
-0.704143 1.00003
-0.703543 1.00003
-0.702943 1.00003
-0.702343 1.00003
-0.701743 1.00003
-0.701143 1.00003
-0.700544 1.00003
-0.699944 1.00003
-0.699345 1.00003
-0.698746 1.00003
-0.698146 1.00003
-0.697547 1.00003
-0.696949 1.00003
-0.69635 1.00003
-0.695751 1.00003
-0.695153 1.00003
-0.694554 1.00003
-0.693956 1.00003
-0.693358 1.00003
-0.69276 1.00003
-0.692162 1.00003
-0.691564 1.00003
-0.690967 1.00003
-0.690369 1.00003
-0.689772 1.00003
-0.689174 1.00003
-0.688577 1.00003
-0.68798 1.00003
-0.687383 1.00003
-0.686786 1.00003
-0.68619 1.00003
-0.685593 1.00003
-0.684997 1.00003
-0.6844 1.00003
-0.683804 1.00003
-0.683208 1.00003
-0.682612 1.00003
-0.682016 1.00003
-0.681421 1.00003
-0.680825 1.00003
-0.68023 1.00003
-0.679634 1.00003
-0.679039 1.00003
-0.678444 1.00003
-0.677849 1.00003
-0.677254 1.00003
-0.67666 1.00003
-0.676065 1.00003
-0.675471 1.00003
-0.674877 1.00003
-0.674282 1.00003
-0.673688 1.00003
-0.673095 1.00003
-0.672501 1.00003
-0.671907 1.00003
-0.671314 1.00004
-0.67072 1.00004
-0.670127 1.00004
-0.669534 1.00004
-0.668941 1.00004
-0.668348 1.00004
-0.667755 1.00004
-0.667163 1.00004
-0.66657 1.00004
-0.665978 1.00004
-0.665386 1.00004
-0.664794 1.00004
-0.664202 1.00004
-0.66361 1.00004
-0.663018 1.00004
-0.662427 1.00004
-0.661835 1.00004
-0.661244 1.00004
-0.660653 1.00004
-0.660062 1.00004
-0.659471 1.00004
-0.65888 1.00004
-0.65829 1.00004
-0.657699 1.00004
-0.657109 1.00004
-0.656519 1.00004
-0.655929 1.00004
-0.655339 1.00004
-0.654749 1.00004
-0.654159 1.00004
-0.65357 1.00004
-0.65298 1.00004
-0.652391 1.00004
-0.651802 1.00004
-0.651213 1.00004
-0.650624 1.00004
-0.650036 1.00004
-0.649447 1.00004
-0.648859 1.00004
-0.64827 1.00004
-0.647682 1.00004
-0.647094 1.00004
-0.646506 1.00004
-0.645919 1.00004
-0.645331 1.00004
-0.644744 1.00004
-0.644156 1.00004
-0.643569 1.00004
-0.642982 1.00004
-0.642395 1.00004
-0.641808 1.00004
-0.641222 1.00004
-0.640635 1.00004
-0.640049 1.00004
-0.639463 1.00004
-0.638877 1.00004
-0.638291 1.00004
-0.637705 1.00004
-0.63712 1.00004
-0.636534 1.00004
-0.635949 1.00004
-0.635364 1.00004
-0.634779 1.00004
-0.634194 1.00004
-0.633609 1.00004
-0.633025 1.00004
-0.63244 1.00004
-0.631856 1.00004
-0.631272 1.00004
-0.630688 1.00004
-0.630104 1.00004
-0.62952 1.00004
-0.628936 1.00004
-0.628353 1.00004
-0.62777 1.00004
-0.627187 1.00004
-0.626604 1.00004
-0.626021 1.00004
-0.625438 1.00004
-0.624856 1.00004
-0.624273 1.00004
-0.623691 1.00004
-0.623109 1.00004
-0.622527 1.00004
-0.621945 1.00004
-0.621363 1.00004
-0.620782 1.00004
-0.620201 1.00004
-0.619619 1.00004
-0.619038 1.00004
-0.618457 1.00004
-0.617877 1.00004
-0.617296 1.00004
-0.616716 1.00004
-0.616135 1.00004
-0.615555 1.00004
-0.614975 1.00004
-0.614395 1.00004
-0.613816 1.00004
-0.613236 1.00004
-0.612657 1.00004
-0.612078 1.00004
-0.611499 1.00004
-0.61092 1.00004
-0.610341 1.00004
-0.609762 1.00004
-0.609184 1.00004
-0.608605 1.00004
-0.608027 1.00004
-0.607449 1.00004
-0.606871 1.00004
-0.606294 1.00004
-0.605716 1.00004
-0.605139 1.00004
-0.604562 1.00004
-0.603985 1.00004
-0.603408 1.00004
-0.602831 1.00004
-0.602254 1.00004
-0.601678 1.00004
-0.601102 1.00004
-0.600525 1.00004
-0.59995 1.00004
-0.599374 1.00004
-0.598798 1.00004
-0.598223 1.00004
-0.597647 1.00004
-0.597072 1.00004
-0.596497 1.00004
-0.595922 1.00004
-0.595347 1.00004
-0.594773 1.00004
-0.594199 1.00004
-0.593624 1.00004
-0.59305 1.00004
-0.592476 1.00004
-0.591903 1.00004
-0.591329 1.00004
-0.590756 1.00004
-0.590182 1.00004
-0.589609 1.00004
-0.589036 1.00004
-0.588464 1.00004
-0.587891 1.00004
-0.587319 1.00004
-0.586746 1.00004
-0.586174 1.00004
-0.585602 1.00004
-0.585031 1.00004
-0.584459 1.00004
-0.583887 1.00004
-0.583316 1.00004
-0.582745 1.00004
-0.582174 1.00004
-0.581603 1.00004
-0.581033 1.00004
-0.580462 1.00004
-0.579892 1.00004
-0.579322 1.00004
-0.578752 1.00004
-0.578182 1.00004
-0.577612 1.00005
-0.577043 1.00005
-0.576474 1.00005
-0.575904 1.00005
-0.575335 1.00005
-0.574767 1.00005
-0.574198 1.00005
-0.57363 1.00005
-0.573061 1.00005
-0.572493 1.00005
-0.571925 1.00005
-0.571357 1.00005
-0.57079 1.00005
-0.570222 1.00005
-0.569655 1.00005
-0.569088 1.00005
-0.568521 1.00005
-0.567954 1.00005
-0.567388 1.00005
-0.566821 1.00005
-0.566255 1.00005
-0.565689 1.00005
-0.565123 1.00005
-0.564557 1.00005
-0.563992 1.00005
-0.563426 1.00005
-0.562861 1.00005
-0.562296 1.00005
-0.561731 1.00005
-0.561166 1.00005
-0.560602 1.00005
-0.560037 1.00005
-0.559473 1.00005
-0.558909 1.00005
-0.558345 1.00005
-0.557782 1.00005
-0.557218 1.00005
-0.556655 1.00005
-0.556092 1.00005
-0.555529 1.00005
-0.554966 1.00005
-0.554403 1.00005
-0.553841 1.00005
-0.553279 1.00005
-0.552716 1.00005
-0.552155 1.00005
-0.551593 1.00005
-0.551031 1.00005
-0.55047 1.00005
-0.549909 1.00005
-0.549348 1.00005
-0.548787 1.00005
-0.548226 1.00005
-0.547666 1.00005
-0.547105 1.00005
-0.546545 1.00005
-0.545985 1.00005
-0.545425 1.00005
-0.544866 1.00005
-0.544306 1.00005
-0.543747 1.00005
-0.543188 1.00005
-0.542629 1.00005
-0.542071 1.00005
-0.541512 1.00005
-0.540954 1.00005
-0.540396 1.00005
-0.539838 1.00005
-0.53928 1.00005
-0.538722 1.00005
-0.538165 1.00005
-0.537608 1.00005
-0.53705 1.00005
-0.536494 1.00005
-0.535937 1.00005
-0.53538 1.00005
-0.534824 1.00005
-0.534268 1.00005
-0.533712 1.00005
-0.533156 1.00005
-0.532601 1.00005
-0.532045 1.00005
-0.53149 1.00005
-0.530935 1.00005
-0.53038 1.00005
-0.529825 1.00005
-0.529271 1.00005
-0.528717 1.00005
-0.528163 1.00005
-0.527609 1.00005
-0.527055 1.00005
-0.526501 1.00005
-0.525948 1.00005
-0.525395 1.00005
-0.524842 1.00005
-0.524289 1.00005
-0.523736 1.00005
-0.523184 1.00005
-0.522632 1.00005
-0.52208 1.00005
-0.521528 1.00005
-0.520976 1.00005
-0.520425 1.00005
-0.519873 1.00005
-0.519322 1.00005
-0.518771 1.00005
-0.518221 1.00005
-0.51767 1.00005
-0.51712 1.00005
-0.51657 1.00005
-0.51602 1.00005
-0.51547 1.00005
-0.51492 1.00005
-0.514371 1.00005
-0.513822 1.00005
-0.513273 1.00005
-0.512724 1.00005
-0.512175 1.00005
-0.511627 1.00005
-0.511079 1.00005
-0.510531 1.00005
-0.509983 1.00005
-0.509435 1.00005
-0.508888 1.00005
-0.50834 1.00005
-0.507793 1.00005
-0.507246 1.00005
-0.5067 1.00005
-0.506153 1.00005
-0.505607 1.00005
-0.505061 1.00005
-0.504515 1.00005
-0.503969 1.00005
-0.503424 1.00005
-0.502878 1.00005
-0.502333 1.00005
-0.501788 1.00005
-0.501244 1.00005
-0.500699 1.00005
-0.500155 1.00005
-0.499611 1.00005
-0.499067 1.00005
-0.498523 1.00005
-0.497979 1.00005
-0.497436 1.00005
-0.496893 1.00005
-0.49635 1.00005
-0.495807 1.00005
-0.495265 1.00005
-0.494722 1.00005
-0.49418 1.00005
-0.493638 1.00005
-0.493096 1.00005
-0.492555 1.00005
-0.492014 1.00005
-0.491472 1.00005
-0.490931 1.00005
-0.490391 1.00005
-0.48985 1.00005
-0.48931 1.00005
-0.48877 1.00005
-0.48823 1.00005
-0.48769 1.00005
-0.48715 1.00005
-0.486611 1.00005
-0.486072 1.00005
-0.485533 1.00005
-0.484994 1.00005
-0.484456 1.00005
-0.483917 1.00006
-0.483379 1.00006
-0.482841 1.00006
-0.482304 1.00006
-0.481766 1.00006
-0.481229 1.00006
-0.480692 1.00006
-0.480155 1.00006
-0.479618 1.00006
-0.479082 1.00006
-0.478545 1.00006
-0.478009 1.00006
-0.477474 1.00006
-0.476938 1.00006
-0.476402 1.00006
-0.475867 1.00006
-0.475332 1.00006
-0.474797 1.00006
-0.474263 1.00006
-0.473728 1.00006
-0.473194 1.00006
-0.47266 1.00006
-0.472126 1.00006
-0.471593 1.00006
-0.471059 1.00006
-0.470526 1.00006
-0.469993 1.00006
-0.46946 1.00006
-0.468928 1.00006
-0.468396 1.00006
-0.467864 1.00006
-0.467332 1.00006
-0.4668 1.00006
-0.466268 1.00006
-0.465737 1.00006
-0.465206 1.00006
-0.464675 1.00006
-0.464145 1.00006
-0.463614 1.00006
-0.463084 1.00006
-0.462554 1.00006
-0.462024 1.00006
-0.461495 1.00006
-0.460965 1.00006
-0.460436 1.00006
-0.459907 1.00006
-0.459378 1.00006
-0.45885 1.00006
-0.458322 1.00006
-0.457793 1.00006
-0.457266 1.00006
-0.456738 1.00006
-0.45621 1.00006
-0.455683 1.00006
-0.455156 1.00006
-0.454629 1.00006
-0.454103 1.00006
-0.453576 1.00006
-0.45305 1.00006
-0.452524 1.00006
-0.451999 1.00006
-0.451473 1.00006
-0.450948 1.00006
-0.450423 1.00006
-0.449898 1.00006
-0.449373 1.00006
-0.448849 1.00006
-0.448325 1.00006
-0.447801 1.00006
-0.447277 1.00006
-0.446753 1.00006
-0.44623 1.00006
-0.445707 1.00006
-0.445184 1.00006
-0.444661 1.00006
-0.444139 1.00006
-0.443617 1.00006
-0.443095 1.00006
-0.442573 1.00006
-0.442051 1.00006
-0.44153 1.00006
-0.441009 1.00006
-0.440488 1.00006
-0.439967 1.00006
-0.439447 1.00006
-0.438926 1.00006
-0.438406 1.00006
-0.437887 1.00006
-0.437367 1.00006
-0.436848 1.00006
-0.436329 1.00006
-0.43581 1.00006
-0.435291 1.00006
-0.434772 1.00006
-0.434254 1.00006
-0.433736 1.00006
-0.433218 1.00006
-0.432701 1.00006
-0.432183 1.00006
-0.431666 1.00006
-0.431149 1.00006
-0.430633 1.00006
-0.430116 1.00006
-0.4296 1.00006
-0.429084 1.00006
-0.428568 1.00006
-0.428053 1.00006
-0.427537 1.00006
-0.427022 1.00006
-0.426507 1.00006
-0.425993 1.00006
-0.425478 1.00006
-0.424964 1.00006
-0.42445 1.00006
-0.423936 1.00006
-0.423423 1.00006
-0.42291 1.00006
-0.422396 1.00006
-0.421884 1.00006
-0.421371 1.00006
-0.420859 1.00006
-0.420346 1.00006
-0.419835 1.00006
-0.419323 1.00006
-0.418811 1.00006
-0.4183 1.00006
-0.417789 1.00006
-0.417278 1.00006
-0.416768 1.00006
-0.416258 1.00006
-0.415747 1.00006
-0.415238 1.00006
-0.414728 1.00006
-0.414219 1.00006
-0.413709 1.00006
-0.413201 1.00006
-0.412692 1.00006
-0.412183 1.00006
